Variants	Tissue	ExpPPoM	REZ_1-p	Ep++	Var	ExpPPoM_rank	ExpPPoM++_rank
20:63408436	Brain	0.975328213	1	0.9994	100	5	1
11:35292512	Brain	0.978383259	1	0.9994	99	2	1.5
20:63444771	Brain	0.975879284	1	0.9994	99	6	1.5
3:11026305	Brain	0.366777183	1	0.8555	98	34	14.5
20:63439657	Brain	0.977589025	1	0.9994	100	9	2.5
6:3225124	Brain	0.902678271	1	0.9945	97	23	6
20:63414100	Brain	0.977457561	1	0.9994	99	9	1
20:63444713	Brain	0.976831343	1	0.9994	99	5	1
6:3225478	Brain	0.901164407	1	0.9945	98	28	4
20:63446769	Brain	0.920335372	1	0.9964	99	24	5.5
16:9840986	Brain	0.978402712	1	0.9994	99	1	1.5
5:161895690	Brain	0.978296992	1	0.9994	98	1	1.5
20:63414088	Brain	0.977589025	1	0.9994	99	2	2
X:103787895	Brain	0.940970704	1	0.9979	98	13	4
3:11034651	Brain	0.919515247	1	0.9964	99	23	4
1:6135365	Brain	0.8223328	1	0.9839	98	20	5
20:63438654	Brain	0.969020762	1	0.999	96	11	2
20:63413523	Brain	0.977158443	1	0.9994	97	6	1.5
8:81444935	Brain	0.978402712	1	0.9994	99	1	1.5
20:63444682	Brain	0.97749081	1	0.9994	100	3	2
20:63444699	Brain	0.974090144	1	0.9994	100	15	2
3:11026351	Brain	0.368010474	1	0.8561	100	43	16
20:63442530	Brain	0.97749081	1	0.9994	98	3	1
X:103785717	Brain	0.940970704	1	0.9979	99	16	3
20:63472177	Brain	0.977589025	1	0.9994	99	2	1
5:161895743	Brain	0.975773982	1	0.9994	100	10	2
20:63413531	Brain	0.975704261	1	0.9994	99	15	1.5
20:63445321	Brain	0.975879284	1	0.9994	98	4	1
20:63442432	Brain	0.977589025	1	0.9994	99	8	1
16:9798444	Brain	0.976730179	1	0.9994	100	6	1
6:3225218	Brain	0.802884599	1	0.9804	99	28	4
16:9768996	Brain	0.978162119	1	0.9994	99	5	2
17:44910632	Brain	0.322438925	1	0.8414	100	36	18
3:11017398	Brain	0.956127627	1	0.9985	99	8	1
20:63438716	Brain	0.977589025	1	0.9994	97	5	1.5
20:63438650	Brain	0.971359681	1	0.9994	100	17	2
10:93797550	Brain	0.942692764	1	0.9979	100	21	2
20:63442429	Brain	0.975082841	1	0.9994	96	10	1
20:63442428	Brain	0.975497649	1	0.9994	100	3	2
9:137156676	Brain	0.962440626	1	0.999	97	13	1
20:63438639	Brain	0.975874486	1	0.9994	100	10	1.5
20:63442531	Brain	0.97749081	1	0.9994	98	4	1
20:63442512	Brain	0.977589025	1	0.9994	100	7	1.5
20:63446832	Brain	0.96714197	1	0.999	99	17	3.5
20:63442482	Brain	0.97660216	1	0.9994	98	5	1.5
20:63439644	Brain	0.96704014	1	0.999	99	15	2
20:63442440	Brain	0.977457561	1	0.9994	98	4	1
20:63438625	Brain	0.977589025	1	0.9994	98	6	1.5
5:161895677	Brain	0.976772875	1	0.9994	100	8	1
16:9829491	Brain	0.978402712	1	0.9994	96	1	1
20:63444660	Brain	0.977589025	1	0.9994	97	9	1.5
9:137162656	Brain	0.964897914	1	0.999	100	11	1.5
20:63413471	Brain	0.977228378	1	0.9994	99	5	2
5:161895732	Brain	0.97658725	1	0.9994	100	5	1.5
10:70435354	Brain	0.963320725	0.638166807	0.9241	99	15	17
16:9822294	Brain	0.968343041	1	0.999	97	12	2
16:9763169	Brain	0.411252003	1	0.8702	100	34	17
6:3225019	Brain	0.940562582	1	0.9979	99	23	2
20:63442483	Brain	0.977021766	1	0.9994	98	5	1.5
20:63438626	Brain	0.977589025	1	0.9994	99	8	1.5
20:63438628	Brain	0.977328667	1	0.9994	98	6	1.5
17:44915235	Brain	0.920680342	1	0.9964	96	28	6
20:63439671	Brain	0.977589025	1	0.9994	99	5	2
16:9822390	Brain	0.970871194	1	0.9994	99	8	1
5:161882639	Brain	0.441456258	1	0.8793	99	41	16
20:63442425	Brain	0.977589025	1	0.9994	98	4	2
16:9840745	Brain	0.978402712	1	0.9994	99	1	1.5
20:63413535	Brain	0.977037955	1	0.9994	99	8	1.5
16:9849777	Brain	0.970477618	1	0.9994	99	16	1.5
20:63433847	Brain	0.977589025	1	0.9994	100	11	1.5
20:63413525	Brain	0.977037955	1	0.9994	98	9	1.5
17:44910629	Brain	0.310390674	1	0.8376	98	35	10.5
17:44915252	Brain	0.9760847	1	0.9994	98	7	1.5
20:63439599	Brain	0.97749081	1	0.9994	98	9	2
20:63433863	Brain	0.452695244	1	0.8831	98	27	9
2:26462171	Brain	0.908600223	0.997678478	0.9945	99	20	2
9:137162063	Brain	0.871162806	1	0.9909	99	27	2
20:10284751	Brain	0.941252319	1	0.9979	97	13	5
16:10180120	Brain	0.264038725	1	0.8235	99	37	17
9:137142083	Brain	0.908535811	1	0.9953	97	23	6
16:9829589	Brain	0.776040366	1	0.9753	99	29	10
5:161882638	Brain	0.441456258	1	0.8793	97	40	13
9:137162895	Brain	0.964941448	1	0.999	100	10	4
9:137162675	Brain	0.964967849	1	0.999	100	16	2
3:11028833	Brain	0.956127627	1	0.9985	99	15	3
16:9822363	Brain	0.970752344	1	0.9994	98	11	1.5
17:44908101	Brain	0.030844019	1	0.7813	100	57	27
17:44911246	Brain	0.976364893	1	0.9994	100	7	1
20:63442510	Brain	0.95545993	1	0.9985	97	17	4
5:161891019	Brain	0.85467643	1	0.9889	99	32	6
X:103789373	Brain	0.940970704	1	0.9979	100	25	4
17:44911254	Brain	0.976504306	1	0.9994	100	7	1
9:137162684	Brain	0.964967849	1	0.999	100	17	3
5:11397173	Brain	0.328513371	1	0.8434	99	35	17
10:93797142	Brain	0.942692764	1	0.9979	99	24	6
16:9822382	Brain	0.96928863	1	0.999	98	5	1
16:9764370	Brain	0.036184831	1	0.7813	100	53	22
3:11017921	Brain	0.953841643	1	0.9985	99	14	2
9:137163767	Brain	0.345126513	1	0.8487	99	32	13
17:44911238	Brain	0.765797901	1	0.9733	100	34	8
11:47337779	Heart	0.898275599	1	0.9943	99	21	4
1:237784251	Heart	0.92241478	1	0.9964	100	25	4
1:201365635	Heart	0.37904821	1	0.8593	99	45	19
19:55151888	Heart	0.930197082	1	0.9972	99	21	4.5
11:47350038	Heart	0.605845608	1	0.9322	98	32	14
1:237784037	Heart	0.027710013	1	0.7805	98	52	22
11:47343116	Heart	0.06659279	1	0.7833	100	50	22
1:237830569	Heart	0.398172259	1	0.866	100	44	23
6:1610699	Heart	0.953141486	0.697220124	0.9389	100	18	10
11:47332095	Heart	0.065596304	1	0.7833	100	53	23.5
1:201365298	Heart	0.423289439	1	0.8739	99	36	13
5:148120118	Heart	0.02250542	0.98575606	0.7578	100	76	36.5
11:47342718	Heart	0.035382481	1	0.7813	99	58	22
11:47333219	Heart	0.761087009	1	0.9718	99	34	12
1:237441379	Heart	0.939827073	1	0.9979	99	15	4
13:23324452	Heart	0.738401422	1	0.967	100	28	13
1:237806273	Heart	0.336841857	1	0.846	99	43	21
1:201364357	Heart	0.9681991	1	0.999	99	11	2
1:237330952	Heart	0.028206637	1	0.7805	99	55	21
1:237784301	Heart	0.097185012	1	0.7875	99	56	30
11:47337729	Heart	0.950008703	1	0.9985	100	19	3
1:237784295	Heart	0.087000392	1	0.7863	99	56	31
1:237633668	Heart	0.782440551	1	0.9763	97	34	7
1:237831534	Heart	0.905820803	1	0.9945	99	13	2
19:55151851	Heart	0.950004365	1	0.9985	100	17	2.5
1:237377386	Heart	0.790559975	1	0.9782	100	30	10
1:237445428	Heart	0.748410328	1	0.9692	98	27	8
19:55151893	Heart	0.953549162	1	0.9985	98	18	4
1:237778727	Heart	0.969594985	1	0.9992	99	14	1
11:47338543	Heart	0.569343098	1	0.9213	98	40	15
19:55154109	Heart	0.866466056	1	0.9905	98	20	8
11:2884123	Heart	0.341869326	0.809148399	0.6018	98	35	43
1:237633705	Heart	0.882520063	1	0.9922	100	31	7.5
2:201078946	Heart	0.631941268	1	0.9399	100	35	10
11:47332576	Heart	0.907049579	1	0.9947	98	29	6
1:237806263	Heart	0.14675806	1	0.7957	100	31	15
1:237388129	Heart	0.77710274	1	0.9755	99	30	8
19:55156639	Heart	0.89719032	1	0.9941	99	23	5
1:237640983	Heart	0.440757751	1	0.8791	99	36	13
1:201365291	Heart	0.97380695	1	0.9994	95	11	1
17:10642903	Heart	0.890243472	0.49213032	0.8046	97	21	14
19:55154094	Heart	0.901353027	1	0.9945	100	31	9
1:237781618	Heart	0.600282046	1	0.931	100	31	16
1:237377358	Heart	0.838172425	1	0.9862	99	32	11
11:47342112	Heart	0.022118268	1	0.7803	98	87	38
17:10638161	Heart	0.864722546	0.49213032	0.773	99	27	31
11:47332609	Heart	0.947164392	1	0.9979	99	22	6.5
19:55154146	Heart	0.949240025	1	0.9983	100	12	4
1:237614298	Heart	0.837648477	1	0.9862	98	32	10
13:23324513	Heart	0.972579839	1	0.9994	99	9	1.5
1:237377374	Heart	0.935623055	1	0.9972	100	22	4.5
11:47342611	Heart	0.372193667	1	0.8573	100	32	12
6:1610691	Heart	0.954959733	0.697220124	0.9397	99	21	8
11:47339740	Heart	0.022148761	1	0.7803	99	85	26.5
1:237633671	Heart	0.931256635	1	0.9972	100	19	4.5
1:237831561	Heart	0.828314532	1	0.9847	99	25	5
1:237792304	Heart	0.437555436	1	0.8785	100	36	14
19:55154082	Heart	0.838646577	1	0.9864	99	31	11
1:201363348	Heart	0.361118913	1	0.8535	98	35	13
1:237640970	Heart	0.967512401	1	0.999	100	9	3
5:53646306	Heart	0.898092065	0.991823262	0.9934	99	17	4
1:237791441	Heart	0.959890431	1	0.999	98	18	8
11:47343021	Heart	0.023107952	1	0.7803	98	64	22.5
1:237423097	Heart	0.727288343	1	0.9647	100	32	8
17:10647277	Heart	0.905669506	0.49213032	0.8201	99	26	25
6:1610701	Heart	0.954948066	0.697220124	0.9397	98	16	14
1:237806236	Heart	0.755727577	1	0.9712	98	27	8
1:237778753	Heart	0.053848963	1	0.7823	100	55	26
1:237445474	Heart	0.454605426	1	0.8843	99	44	20
1:237369568	Heart	0.962502997	1	0.999	99	16	2
1:237330939	Heart	0.523205179	1	0.9062	100	36	14
19:55151885	Heart	0.900320657	1	0.9945	98	23	8
10:90912966	Heart	0.390977466	1	0.8634	99	45	19
1:237639026	Heart	0.909913813	1	0.9955	96	18	8
1:201364369	Heart	0.381121157	1	0.8595	100	39	17
1:201365291	Heart	0.978173529	1	0.9994	100	2	3.5
11:47342930	Heart	0.079750278	1	0.7849	100	51	27
1:237783677	Heart	0.60564631	1	0.932	99	32	14
7:130499898	Heart	0.379846623	0.285184765	0.1786	100	37	70
17:10641151	Heart	0.948202187	0.49213032	0.8587	100	16	22
11:47342578	Heart	0.037265976	1	0.7813	100	49	26.5
11:47337534	Heart	0.024095839	1	0.7803	98	73	31
1:237783708	Heart	0.832974496	1	0.9856	99	31	5
1:201359632	Heart	0.647348812	1	0.9442	97	27	10
11:47351296	Heart	0.812729812	1	0.9823	100	28	7
18:21765807	Heart	0.266109829	0.557796285	0.3002	98	48	63
17:10642557	Heart	0.907719032	0.49213032	0.8227	98	20	16
18:27985134	Heart	0.022148761	1	0.7803	97	92	29
19:55154032	Heart	0.285873137	1	0.8309	100	43	22
6:1610825	Heart	0.954718883	0.697220124	0.9395	100	9	10
17:10650374	Heart	0.947588045	0.49213032	0.8585	99	22	17
19:55151886	Heart	0.351856871	1	0.8507	98	38	16
11:47332173	Heart	0.961165005	1	0.999	99	14	2.5
1:201359627	Heart	0.931378418	1	0.9972	99	25	4
6:1610837	Heart	0.95473055	0.697220124	0.9395	99	12	15
1:201365295	Heart	0.416078893	1	0.8716	100	42	15
1:237792289	Heart	0.943359458	1	0.9979	99	26	5
1:237388114	Heart	0.521247063	1	0.9057	98	47	18
19:55154070	Heart	0.950696089	1	0.9985	97	16	4
1:237778678	Heart	0.621236367	1	0.9367	99	28	11
17:3481734	Kidney	0.974599938	0.976370188	0.9985	99	8	4
7:138747514	Kidney	0.834761852	1	0.9858	100	28	7
5:136055770	Kidney	0.065026553	0.764754734	0.4606	99	47	52
16:16178834	Kidney	0.022118268	1	0.7803	100	84	33
3:122257275	Kidney	0.263447358	1	0.8235	99	43	20
12:57764147	Kidney	0.865122363	1	0.9901	99	26	7
9:6592935	Kidney	0.555221794	1	0.9171	99	39	16
17:3499005	Kidney	0.959472502	0.976370188	0.9972	99	22	4
5:13830666	Kidney	0.684281995	0.999999996	0.9539	98	30	9
9:6565391	Kidney	0.641479876	1	0.9428	100	36	19
16:20348943	Kidney	0.967327453	1	0.999	99	12	3.5
6:52010310	Kidney	0.029580582	1	0.7809	97	53	23
6:52046072	Kidney	0.022007615	1	0.7803	98	97	31.5
6:52071009	Kidney	0.022403166	1	0.7803	100	77	28.5
16:20348691	Kidney	0.975201765	1	0.9994	97	5	1.5
2:190296820	Kidney	0.946075607	0.980837824	0.9964	99	22	7
16:16163158	Kidney	0.894270681	1	0.9934	98	26	5.5
16:16163086	Kidney	0.944943465	1	0.9979	99	23	1.5
6:52043102	Kidney	0.830291808	1	0.9847	100	33	9
9:6554673	Kidney	0.973948292	1	0.9994	100	8	1
16:20348247	Kidney	0.975533451	1	0.9994	98	10	2.5
17:47286274	Kidney	0.975809024	0.999999935	0.9994	100	7	1.5
17:47286406	Kidney	0.976322576	0.999999935	0.9994	99	5	1.5
7:50504025	Kidney	0.953978105	1	0.9985	100	19	3.5
3:122262218	Kidney	0.978330239	1	0.9994	100	3	1.5
9:6610345	Kidney	0.97396472	1	0.9994	95	14	2.5
X:50090167	Kidney	0.977158457	1	0.9994	99	3	1
17:3494407	Kidney	0.923537429	0.976370188	0.9941	99	28	10
6:51791268	Kidney	0.033439096	1	0.7813	100	51	15
1:179559711	Kidney	0.882761779	1	0.9922	98	29	7
16:16161463	Kidney	0.711769282	1	0.9608	99	27	10
3:122261538	Kidney	0.893503739	1	0.9934	100	23	5
6:51632619	Kidney	0.1206097	1	0.7903	99	43	26
16:79599022	Kidney	0.946940074	0.760613735	0.9554	99	15	8
12:57763195	Kidney	0.931773523	1	0.9972	99	28	6
17:47299319	Kidney	0.978330239	0.999999935	0.9994	99	1	2
3:122262285	Kidney	0.978101056	1	0.9994	99	4	2.5
12:57766088	Kidney	0.348478096	1	0.8499	97	35	16
16:16178935	Kidney	0.702053366	1	0.9584	99	29	7
6:52060038	Kidney	0.22340451	1	0.8132	100	41	29
3:122283968	Kidney	0.978330239	1	0.9994	99	2	2.5
3:122262009	Kidney	0.969952399	1	0.9994	100	16	3
16:16178823	Kidney	0.567633749	1	0.9203	99	37	11
16:16154788	Kidney	0.022118268	1	0.7803	98	80	32
10:100779506	Kidney	0.978251795	1	0.9994	99	1	2.5
17:47292472	Kidney	0.978271247	0.999999935	0.9994	100	4	1.5
16:16154755	Kidney	0.583202268	1	0.9254	98	35	8
16:16192865	Kidney	0.741427674	1	0.9682	99	16	5
9:6550898	Kidney	0.93386233	1	0.9972	100	19	1
9:6645324	Kidney	0.543266788	1	0.9132	98	36	16
20:57563141	Kidney	0.849774962	1	0.988	99	22	5
16:51138896	Kidney	0.179223534	1	0.8022	100	47	21
3:122261688	Kidney	0.978330239	1	0.9994	100	1	2
9:6553420	Kidney	0.844087995	1	0.9872	98	21	9
6:52043699	Kidney	0.03371377	1	0.7813	99	65	28
16:79599697	Kidney	0.880007345	0.760613735	0.9286	99	27	13
6:52024928	Kidney	0.243556028	1	0.8185	100	35	18
6:51746721	Kidney	0.023307753	1	0.7803	100	72	25
1:179552605	Kidney	0.867163333	1	0.9905	97	26	5
3:122284611	Kidney	0.395163351	1	0.8646	99	37	13
6:52033107	Kidney	0.469328611	1	0.8892	99	37	9
3:122262093	Kidney	0.969711549	1	0.9994	97	15	1.5
16:79599715	Kidney	0.925644138	0.760613735	0.9476	100	20	12
10:102835374	Kidney	0.873714298	1	0.9909	98	26	8.5
6:51753281	Kidney	0.055904906	1	0.7823	97	43	14
19:32864261	Kidney	0.786485716	1	0.9774	96	33	8
16:16190301	Kidney	0.079342014	1	0.7849	99	48	20
3:122257323	Kidney	0.978402712	1	0.9994	100	1	1.5
17:3498916	Kidney	0.103862638	0.976370188	0.7527	98	46	35
6:52059981	Kidney	0.028031773	1	0.7805	96	57	26
9:6588641	Kidney	0.589753762	1	0.9276	100	44	16
16:16163137	Kidney	0.7493497	1	0.9694	97	25	4
16:16177622	Kidney	0.596924551	1	0.9296	100	34	12
2:190244948	Kidney	0.914284516	0.980837824	0.9934	100	31	5
6:52058438	Kidney	0.064777384	1	0.7833	100	57	30
16:79599730	Kidney	0.889135255	0.760613735	0.9326	99	20	12
9:6553370	Kidney	0.53319107	1	0.9098	98	38	13
10:102830982	Kidney	0.963702391	1	0.999	99	12	5
7:50529332	Kidney	0.797574885	1	0.9794	98	18	2
1:16051721	Kidney	0.914326965	1	0.9955	98	24	5
9:6602119	Kidney	0.974193903	1	0.9994	99	9	2
19:32862151	Kidney	0.890780436	1	0.9934	100	24	6
17:47284512	Kidney	0.976049341	0.999999935	0.9994	100	10	3
3:155166907	Kidney	0.965381659	1	0.999	99	17	4
9:6604735	Kidney	0.95006895	1	0.9985	99	24	4
6:52050266	Kidney	0.022075358	1	0.7803	97	96	26
5:1443020	Kidney	0.978383259	0.987272511	0.999	98	4	3.5
7:50463317	Kidney	0.337512613	1	0.8462	99	38	17
16:16154889	Kidney	0.731803813	1	0.9659	98	26	8
16:16178854	Kidney	0.227346158	1	0.8138	98	39	23
6:51659714	Kidney	0.639679192	1	0.9422	100	30	8
9:6620259	Kidney	0.937039726	1	0.9972	100	21	10
3:122257091	Kidney	0.961452571	1	0.999	97	20	4
5:13841886	Kidney	0.537000764	0.999999996	0.9108	98	37	13
9:6589195	Kidney	0.023867619	1	0.7803	96	71	32
3:122284403	Kidney	0.369782518	1	0.8567	100	40	22
10:102831510	Kidney	0.964289872	1	0.999	99	8	2
4:186209260	Kidney	0.915668579	0.89942559	0.9806	100	24	6
17:3494446	Kidney	0.974599938	0.976370188	0.9985	98	10	3.5
6:51659462	Kidney	0.271684528	1	0.8263	100	40	21
X:150659665	Liver	0.974691533	0.987714766	0.999	99	9	2.5
10:80275192	Liver	0.830401785	1	0.9847	100	25	9
2:240873022	Liver	0.906446325	1	0.9945	98	25	7
X:139561829	Liver	0.952065667	1	0.9985	97	18	6
2:127421438	Liver	0.135640367	1	0.7937	98	43	30
X:139530852	Liver	0.330756422	1	0.844	99	41	26
14:94383008	Liver	0.974635915	1	0.9994	98	9	4
2:240871398	Liver	0.96840514	1	0.999	100	13	3
12:21546371	Liver	0.881714267	1	0.9922	98	22	5
X:150645747	Liver	0.974691533	0.987714766	0.999	99	10	4.5
4:186271719	Liver	0.895746266	1	0.9934	100	30	11.5
4:186284203	Liver	0.96635314	1	0.999	98	18	4
7:100626866	Liver	0.967682144	1	0.999	100	10	5
X:150641416	Liver	0.974691533	0.987714766	0.999	100	11	6.5
1:196429676	Liver	0.22497982	0.999999995	0.8132	100	44	26
X:139561710	Liver	0.894276532	1	0.9934	98	27	6
X:139560852	Liver	0.604518745	1	0.932	99	26	6
4:186284155	Liver	0.977070061	1	0.9994	97	9	2.5
11:46726564	Liver	0.901594717	1	0.9945	99	26	8
X:150641306	Liver	0.97446235	0.987714766	0.999	98	9	3
10:80273837	Liver	0.978076137	1	0.9994	99	7	3
2:127428723	Liver	0.976687312	1	0.9994	100	4	1.5
16:8768227	Liver	0.976041508	1	0.9994	98	10	2.5
4:154589505	Liver	0.939464474	1	0.9979	100	14	4.5
1:173903969	Liver	0.901616327	1	0.9945	99	19	5
X:139560774	Liver	0.9513038	1	0.9985	96	21	10.5
2:127423397	Liver	0.93938087	1	0.9977	99	17	5
2:240874035	Liver	0.58682529	1	0.9266	99	30	17
19:1399852	Liver	0.973252291	1	0.9994	100	12	2
X:150657906	Liver	0.974691533	0.987714766	0.999	97	18	6
2:127428761	Liver	0.897555821	1	0.9941	99	23	11
X:139537049	Liver	0.949810996	1	0.9985	99	18	6
X:139561926	Liver	0.952065667	1	0.9985	98	17	4.5
4:186288514	Liver	0.773176409	1	0.9743	99	30	16
2:227055971	Liver	0.459693418	0.3121187	0.2425	98	44	72
2:127428560	Liver	0.96508421	1	0.999	99	21	8
X:139561821	Liver	0.947445948	1	0.9979	98	16	3
X:139541102	Liver	0.95229485	1	0.9985	100	17	3
17:6687641	Liver	0.966488655	1	0.999	98	19	7.5
X:150657899	Liver	0.974691533	0.987714766	0.999	99	6	5
X:139541078	Liver	0.95229485	1	0.9985	98	21	1
X:150598663	Liver	0.974558576	0.987714766	0.999	98	9	4.5
10:99817338	Liver	0.844171032	1	0.9874	99	18	13
16:8781320	Liver	0.967220288	1	0.999	100	18	6.5
X:150659710	Liver	0.974691533	0.987714766	0.999	99	11	3
2:127427178	Liver	0.785144442	1	0.9766	96	26	14
10:99836193	Liver	0.8819168	1	0.9922	97	26	11
4:186284163	Liver	0.199780441	1	0.807	96	43	26
4:186276299	Liver	0.954680318	1	0.9985	100	11	4
2:240878721	Liver	0.975363328	1	0.9994	100	9	1
1:158685235	Liver	0.480887071	1	0.893	99	41	18
2:227088678	Liver	0.947521531	0.3121187	0.7758	100	18	33
4:186280565	Liver	0.965638725	1	0.999	100	11	2.5
2:127428579	Liver	0.97749401	1	0.9994	99	4	3
X:139562046	Liver	0.95229485	1	0.9985	99	22	3.5
19:1398980	Liver	0.835158589	1	0.986	99	28	12
4:154565823	Liver	0.34762911	1	0.8499	99	35	17.5
2:127423352	Liver	0.93404654	1	0.9972	98	24	8
X:150641351	Liver	0.974691533	0.987714766	0.999	99	12	3
4:186288460	Liver	0.975171422	1	0.9994	97	9	1.5
14:94378480	Liver	0.038266474	1	0.7813	94	52	19
X:139561694	Liver	0.905306303	1	0.9945	98	22	7.5
1:173914620	Liver	0.910044363	1	0.9955	100	25	7
4:186287800	Liver	0.142686841	1	0.7953	98	48	24
X:150598600	Liver	0.323432104	0.987714766	0.8299	100	43	18
10:99818820	Liver	0.77083595	1	0.9741	100	30	13
17:6703031	Liver	0.81320894	1	0.9823	99	30	14
10:80274535	Liver	0.798700841	1	0.9798	100	37	17
1:119759915	Liver	0.776475131	1	0.9755	98	25	11
14:94383051	Liver	0.029943024	1	0.7809	97	66	37.5
X:139562030	Liver	0.751162275	1	0.97	99	33	15
2:227088697	Liver	0.951681498	0.3121187	0.7823	96	18	30
16:8750498	Liver	0.324211717	1	0.8424	98	35	25
4:186285811	Liver	0.963971352	1	0.999	100	15	5.5
2:240868897	Liver	0.490421995	1	0.8958	98	32	16
7:138107522	Liver	0.32640068	1	0.8428	100	42	17
X:139541142	Liver	0.95229485	1	0.9985	100	19	7
2:240878128	Liver	0.885502848	1	0.9924	98	29	9
16:8768248	Liver	0.963157561	1	0.999	99	7	3
2:127421336	Liver	0.973396921	1	0.9994	99	13	3
2:240871406	Liver	0.894037349	1	0.9934	99	25	6.5
14:94378528	Liver	0.371085094	1	0.8569	98	42	21
2:227060190	Liver	0.391254329	0.3121187	0.1978	100	34	74
17:6704000	Liver	0.96501649	1	0.999	99	13	3
2:227118688	Liver	0.947243035	0.3121187	0.7754	99	21	31
2:240875126	Liver	0.852882318	1	0.9883	99	24	6
2:127426180	Liver	0.657681338	1	0.9472	100	31	11
X:150641315	Liver	0.974691533	0.987714766	0.999	98	9	4.5
X:150657947	Liver	0.974558576	0.987714766	0.999	100	9	6
7:100620889	Liver	0.452178864	1	0.8831	97	33	14.5
2:240869306	Liver	0.93108711	1	0.9972	99	21	4
10:93600692	Liver	0.970093781	1	0.9994	100	16	3.5
2:227121111	Liver	0.875543663	0.3121187	0.6742	100	27	45
X:150658001	Liver	0.137429898	0.987714766	0.7752	100	47	36
X:139561941	Liver	0.905283766	1	0.9945	99	26	9
11:46729403	Liver	0.978297812	1	0.9994	99	2	3
2:227057528	Liver	0.940603462	0.3121187	0.7664	98	23	41
10:72007522	Liver	0.978101056	0.319929	0.8185	97	2	23
X:139548491	Liver	0.559517646	1	0.9183	99	28	10
2:127423405	Liver	0.608010059	1	0.9326	99	31	7
