Intra.Dis	Inter.Dis	fish	chisq	p.adjust	X95CIdown	X95CIup	OR
Retb	Retb-DCM	NA	0	0	1.9886	2.1247	2.0553
Retb	Nefb-Phkt	NA	2.26657942809804e-23	1.49594242254471e-21	1.2758	1.4395	1.3548
Retb	Hemo-LQTs	NA	5.22756705992875e-135	7.99817760169099e-133	2.151	2.4667	2.3022
Retb	Hutt-Deme	NA	0	0	1.4377	1.4834	1.4604
Retb	Phkt-Alps	NA	1.60701446195844e-11	7.07086363261714e-10	1.5463	2.2435	1.8561
Retb	DCM-Mgcn	NA	2.75145101412496e-31	2.17364630115872e-29	1.8163	2.3358	2.0566
Retb	Alps-Atls	NA	2.4661123910491e-213	4.29103556042543e-211	1.8147	1.969	1.8901
Retb	LQTs-Retb	NA	0	0	1.9733	2.1041	2.0375
Retb	Mgcn-Babi	NA	7.07896430355634e-20	4.2473785821338e-18	1.6072	2.1022	1.8349
Retb	Atls-Hyte	NA	0	0	1.6222	1.6718	1.6468
Retb	Babi-Dibt	NA	0	0	2.5385	2.6833	2.6097
Retb	Deme-HeartD	NA	0	0	1.8723	1.9282	1.9002
Retb	Dibt-Hutt	NA	0	0	1.6086	1.656	1.6321
Retb	HeartD-Dibt	NA	0	0	1.9047	1.9588	1.9316
Retb	Hyte-Phkt	NA	1.49354119982326e-81	1.91173273577377e-79	1.376	1.4811	1.4275
Retb	Alps-Babi	NA	1.01980261348463e-46	1.45831773728302e-44	2.4869	3.3889	2.8957
Retb	Alps-Deme	NA	1.03594440469654e-173	2.40339101889597e-171	1.7124	1.859	1.784
Retb	Atls-HeartD	NA	0	0	1.9026	1.9592	1.9308
Retb	Atls-Hemo	NA	7.3426540715519e-275	1.9384606748897e-272	1.497	1.57	1.533
Retb	Babi-Retb	NA	0	0	2.2132	2.3872	2.2984
Retb	DCM-Hutt	NA	0	0	2.0558	2.1886	2.121
Retb	Deme-Atls	NA	0	0	1.5279	1.5758	1.5517
Retb	Deme-Phkt	NA	5.86412647004839e-38	7.27151682286e-36	1.2403	1.3407	1.2893
Retb	Dibt-Babi	NA	0	0	2.5385	2.6833	2.6097
Retb	HeartD-Mgcn	NA	1.82698572754648e-162	4.12898774425504e-160	1.5012	1.6002	1.5498
Retb	HeartD-Retb	NA	0	0	1.6487	1.6986	1.6735
Retb	Hutt-LQTs	NA	0	0	1.7072	1.808	1.7568
Retb	Hyte-Hutt	NA	0	0	1.4661	1.5114	1.4886
Retb	Hyte-Nefb	NA	4.82127240453541e-194	1.14264155987489e-191	1.2752	1.32	1.2974
Retb	LQTs-Babi	NA	3.50653301094475e-95	6.66241272079503e-93	2.3536	2.8417	2.584
Retb	Mgcn-Alps	NA	3.74811706085323e-07	1.72413384799249e-05	1.3033	1.8339	1.5418
Retb	Mgcn-Hemo	NA	9.64508193346185e-16	6.55865571475406e-14	1.3285	1.601	1.4573
Retb	Nefb-LQTs	NA	2.12561013190303e-186	4.99518380997212e-184	1.7642	1.9178	1.8391
Retb	Phkt-Dibt	NA	6.93475586836588e-136	1.49097251169866e-133	1.4316	1.5232	1.4766
Retb	Phkt-Retb	NA	8.26273469770365e-63	1.3550884904234e-60	1.3971	1.5283	1.461
Nefb	Retb-DCM	NA	0	0	2.3628	2.5548	2.4567
Nefb	Nefb-Phkt	NA	5.50069430140323e-51	5.77572901647339e-49	1.5196	1.7265	1.6193
Nefb	Hemo-LQTs	NA	5.69795018614315e-184	9.45859730899763e-182	2.5629	2.9571	2.7518
Nefb	Hutt-Deme	NA	0	0	1.701	1.7912	1.7456
Nefb	Phkt-Alps	NA	2.74086942786912e-18	1.50747818532802e-16	1.8458	2.6846	2.2184
Nefb	DCM-Mgcn	NA	2.04778314100491e-47	2.00682747818481e-45	2.1671	2.7968	2.458
Nefb	Alps-Atls	NA	1.27756534191017e-279	2.35072022911471e-277	2.1584	2.3651	2.2592
Nefb	LQTs-Retb	NA	0	0	2.3442	2.5302	2.4354
Nefb	Mgcn-Babi	NA	4.97539731926481e-32	4.0300718286045e-30	1.9178	2.5165	2.1933
Nefb	Atls-Hyte	NA	0	0	1.9188	2.0192	1.9685
Nefb	Babi-Dibt	NA	0	0	3.0132	3.229	3.1197
Nefb	Deme-HeartD	NA	0	0	2.2142	2.3293	2.2711
Nefb	Dibt-Hutt	NA	0	0	1.9021	2.0005	1.9509
Nefb	HeartD-Dibt	NA	0	0	2.2518	2.3668	2.3086
Nefb	Hyte-Phkt	NA	3.40031038220147e-139	5.23647798859026e-137	1.6357	1.7798	1.7061
Nefb	Alps-Babi	NA	1.10466462387492e-63	1.83374327563237e-61	2.9679	4.0564	3.4612
Nefb	Alps-Deme	NA	3.98474426066021e-238	1.03204876351099e-235	2.0368	2.2329	2.1323
Nefb	Atls-HeartD	NA	0	0	2.25	2.3668	2.3079
Nefb	Atls-Hemo	NA	1.63831180029666e-318	4.40705874279801e-316	1.7754	1.891	1.8324
Nefb	Babi-Retb	NA	0	0	2.6316	2.8686	2.7472
Nefb	DCM-Hutt	NA	0	0	2.4416	2.632	2.5351
Nefb	Deme-Atls	NA	0	0	1.8074	1.9029	1.8545
Nefb	Deme-Phkt	NA	5.43601301137332e-84	9.89354368069944e-82	1.4747	1.6107	1.5411
Nefb	Dibt-Babi	NA	0	0	3.0132	3.229	3.1197
Nefb	HeartD-Mgcn	NA	1.39189640071982e-227	3.53541685782834e-225	1.7835	1.9243	1.8524
Nefb	HeartD-Retb	NA	0	0	1.95	2.0519	2.0003
Nefb	Hutt-LQTs	NA	0	0	2.0269	2.1753	2.0999
Nefb	Hyte-Hutt	NA	0	0	1.7342	1.8253	1.7792
Nefb	Hyte-Nefb	NA	6.7577483781631e-229	1.72322583643159e-226	1.5096	1.5929	1.5507
Nefb	LQTs-Babi	NA	6.63456972966286e-130	1.39989421295886e-127	2.8068	3.4042	3.0883
Nefb	Mgcn-Alps	NA	6.54164409491297e-13	3.79415357504952e-11	1.5557	2.1947	1.8428
Nefb	Mgcn-Hemo	NA	3.07371528836061e-31	3.35034966431307e-29	1.5841	1.918	1.7419
Nefb	Nefb-LQTs	NA	2.40718668127872e-251	6.25868537132467e-249	2.0983	2.3033	2.1982
Nefb	Phkt-Dibt	NA	1.35198786986792e-200	3.27181064508037e-198	1.7003	1.8321	1.7649
Nefb	Phkt-Retb	NA	2.46944988664249e-111	4.93889977328498e-109	1.6623	1.8349	1.7463
Hemo	Retb-DCM	NA	1.10822988995065e-116	1.60693334042844e-114	2.0285	2.3242	2.1718
Hemo	Nefb-Phkt	NA	5.25181914601075e-17	2.73094595592559e-15	1.3151	1.5584	1.4316
Hemo	Hemo-LQTs	NA	3.94344890119204e-87	5.24478703858541e-85	2.2217	2.6646	2.4327
Hemo	Hutt-Deme	NA	6.77488715936567e-45	6.50389167299104e-43	1.451	1.6403	1.5432
Hemo	Phkt-Alps	NA	2.96842408154562e-12	1.33579083669553e-10	1.6174	2.3926	1.9612
Hemo	DCM-Mgcn	NA	1.83399543139305e-29	1.37549657354479e-27	1.8924	2.5013	2.173
Hemo	Alps-Atls	NA	2.59580911317754e-82	3.3745518471308e-80	1.858	2.1463	1.9973
Hemo	LQTs-Retb	NA	9.09463193662067e-116	1.30053236693676e-113	2.0121	2.3031	2.153
Hemo	Mgcn-Babi	NA	1.15872045705118e-19	6.83645069660196e-18	1.6759	2.2495	1.9388
Hemo	Atls-Hyte	NA	4.15871174851308e-73	5.07362833318596e-71	1.6364	1.8496	1.7402
Hemo	Babi-Dibt	NA	1.00839056568193e-220	1.76468348994338e-218	2.5821	2.9439	2.7577
Hemo	Deme-HeartD	NA	1.21948309430591e-116	1.75605565580051e-114	1.8883	2.1338	2.0079
Hemo	Dibt-Hutt	NA	4.73813543114434e-71	5.68576251737321e-69	1.622	1.8328	1.7247
Hemo	HeartD-Dibt	NA	4.60742117366619e-123	6.72683491355264e-121	1.9199	2.1687	2.0411
Hemo	Hyte-Phkt	NA	1.95248304352135e-31	1.56198643481708e-29	1.4062	1.6173	1.5083
Hemo	Alps-Babi	NA	1.73790576639538e-44	2.41568901528958e-42	2.5967	3.6207	3.0595
Hemo	Alps-Deme	NA	8.03676429525926e-69	1.36624993019407e-66	1.7533	2.0261	1.8851
Hemo	Atls-HeartD	NA	2.83276537664249e-122	5.89215198341638e-120	1.9187	2.1681	2.0402
Hemo	Atls-Hemo	NA	6.69511427462068e-51	9.97572026918481e-49	1.5191	1.7265	1.6199
Hemo	Babi-Retb	NA	2.07421702822866e-143	4.52179312153848e-141	2.2631	2.6056	2.4287
Hemo	DCM-Hutt	NA	6.3945899674256e-130	1.35565307309423e-127	2.0952	2.3964	2.2412
Hemo	Deme-Atls	NA	3.96455205567529e-58	6.22434672741021e-56	1.5417	1.7428	1.6396
Hemo	Deme-Phkt	NA	7.36059075175903e-18	5.52044306381927e-16	1.2688	1.4626	1.3624
Hemo	Dibt-Babi	NA	1.00839056568193e-220	2.53106031986164e-218	2.5821	2.9439	2.7577
Hemo	HeartD-Mgcn	NA	5.86785439494671e-48	8.50838887267273e-46	1.5305	1.7517	1.6377
Hemo	HeartD-Retb	NA	1.74173450415723e-77	3.04803538227515e-75	1.663	1.8794	1.7684
Hemo	Hutt-LQTs	NA	1.64887934629091e-78	2.902027649472e-76	1.7374	1.9826	1.8565
Hemo	Hyte-Hutt	NA	5.08159077107312e-49	7.46993843347749e-47	1.4791	1.6719	1.573
Hemo	Hyte-Nefb	NA	4.99031837717673e-24	4.59109290700259e-22	1.2885	1.4579	1.371
Hemo	LQTs-Babi	NA	2.99891013656152e-75	5.18811453625143e-73	2.4429	3.0546	2.7302
Hemo	Mgcn-Alps	NA	6.51781698634861e-08	3.19373032331082e-06	1.3623	1.9575	1.6292
Hemo	Mgcn-Hemo	NA	9.32476468444225e-15	5.96784939804304e-13	1.3789	1.7213	1.5399
Hemo	Nefb-LQTs	NA	9.22957112170691e-75	1.58748623293359e-72	1.8068	2.0896	1.9434
Hemo	Phkt-Dibt	NA	1.10615325563741e-39	1.41587616721588e-37	1.4588	1.6682	1.5603
Hemo	Phkt-Retb	NA	6.25973611644891e-31	6.69791764460033e-29	1.4327	1.6631	1.5438
Hutt	Retb-DCM	NA	5.95442090233472e-235	1.06584134151791e-232	1.6578	1.7699	1.7128
Hutt	Nefb-Phkt	NA	7.01370251678739e-05	0.00168328860402897	1.0634	1.1993	1.129
Hutt	Hemo-LQTs	NA	4.79310593576208e-82	6.18310665713308e-80	1.7928	2.055	1.9185
Hutt	Hutt-Deme	NA	9.29286811522938e-154	1.47756603032147e-151	1.1993	1.2349	1.217
Hutt	Phkt-Alps	NA	2.563291033512e-06	6.9208857904824e-05	1.2886	1.8693	1.5468
Hutt	DCM-Mgcn	NA	7.09982439962317e-18	3.83390517579651e-16	1.5138	1.9464	1.7138
Hutt	Alps-Atls	NA	3.62153518088728e-110	5.07014925324219e-108	1.5129	1.6403	1.575
Hutt	LQTs-Retb	NA	1.12626849759963e-242	2.04980866563133e-240	1.6452	1.7526	1.6979
Hutt	Mgcn-Babi	NA	2.41875223557593e-10	9.91688416586131e-09	1.3395	1.7515	1.5291
Hutt	Atls-Hyte	NA	0	0	1.3532	1.3918	1.3724
Hutt	Babi-Dibt	NA	0	0	2.1165	2.2348	2.1748
Hutt	Deme-HeartD	NA	0	0	1.5619	1.6052	1.5834
Hutt	Dibt-Hutt	NA	0	0	1.3419	1.3785	1.3601
Hutt	HeartD-Dibt	NA	0	0	1.589	1.6306	1.6096
Hutt	Hyte-Phkt	NA	5.51132021529009e-21	3.41701853347986e-19	1.1472	1.2337	1.1895
Hutt	Alps-Babi	NA	9.44004035032864e-32	1.04784447888648e-29	2.0726	2.8238	2.4131
Hutt	Alps-Deme	NA	4.90686302022036e-83	8.83235343639665e-81	1.4275	1.5486	1.4866
Hutt	Atls-HeartD	NA	0	0	1.5873	1.6309	1.6089
Hutt	Atls-Hemo	NA	4.60340835574571e-96	8.79250995947431e-94	1.2483	1.3074	1.2774
Hutt	Babi-Retb	NA	1.4434578488475e-263	3.76742498549197e-261	1.8452	1.9887	1.9154
Hutt	DCM-Hutt	NA	6.86754914892893e-295	1.81990052446617e-292	1.7139	1.8231	1.7675
Hutt	Deme-Atls	NA	2.73332529330868e-268	7.18864552140183e-266	1.2745	1.3118	1.2931
Hutt	Deme-Phkt	NA	0.000250767190459807	0.00802455009471382	1.0339	1.1168	1.0744
Hutt	Dibt-Babi	NA	0	0	2.1165	2.2348	2.1748
Hutt	HeartD-Mgcn	NA	7.39244919222096e-58	1.15322207398647e-55	1.2516	1.3329	1.2915
Hutt	HeartD-Retb	NA	0	0	1.3753	1.4141	1.3946
Hutt	Hutt-LQTs	NA	1.65056595022197e-157	3.71377338799943e-155	1.4234	1.5059	1.464
Hutt	Hyte-Hutt	NA	4.4653239177061e-197	1.07614306416717e-194	1.223	1.2581	1.2404
Hutt	Hyte-Nefb	NA	6.82103148586541e-21	5.66145613326829e-19	1.0637	1.099	1.0812
Hutt	LQTs-Babi	NA	1.70534872184935e-61	2.72855795495896e-59	1.9616	2.3677	2.1532
Hutt	Mgcn-Alps	NA	0.0036113678977585	0.101118301137238	1.0862	1.528	1.2848
Hutt	Mgcn-Hemo	NA	3.75731490535659e-05	0.0014277796640355	1.1073	1.334	1.2144
Hutt	Nefb-LQTs	NA	5.85538602529466e-93	1.10666795878069e-90	1.4707	1.5975	1.5325
Hutt	Phkt-Dibt	NA	9.40189800329869e-41	1.24105053643543e-38	1.1935	1.2687	1.2305
Hutt	Phkt-Retb	NA	3.00051439504414e-18	2.28039094023355e-16	1.1646	1.2732	1.2175
Phkt	Retb-DCM	NA	8.20671713755707e-37	7.13984390967465e-35	2.7406	4.113	3.3648
Phkt	Nefb-Phkt	NA	8.13488099088632e-15	3.90474287562543e-13	1.7949	2.7291	2.2178
Phkt	Hemo-LQTs	NA	1.29189904321234e-40	1.20146611018748e-38	3.0422	4.6497	3.7681
Phkt	Hutt-Deme	NA	3.788167853028e-19	2.19713735475624e-17	1.9517	2.9161	2.3909
Phkt	Phkt-Alps	NA	7.54788637237832e-17	3.84942204991294e-15	2.3055	4.0021	3.0365
Phkt	DCM-Mgcn	NA	1.39185538939918e-26	9.88217326473418e-25	2.6496	4.2643	3.3654
Phkt	Alps-Atls	NA	3.68275500267023e-31	2.87254890208278e-29	2.5167	3.7877	3.0942
Phkt	LQTs-Retb	NA	2.5526736307068e-36	2.19529932240785e-34	2.7175	4.0763	3.3358
Phkt	Mgcn-Babi	NA	6.02673566417956e-21	3.67630875514953e-19	2.3532	3.8234	3.0025
Phkt	Atls-Hyte	NA	8.80144629389876e-25	6.16101240572913e-23	2.2008	3.2881	2.6962
Phkt	Babi-Dibt	NA	3.59531368679083e-55	3.99079819233782e-53	3.4827	5.2173	4.2728
Phkt	Deme-HeartD	NA	9.67775590410861e-33	8.03253740041015e-31	2.5395	3.7933	3.1107
Phkt	Dibt-Hutt	NA	2.43498073964131e-24	1.6801367103525e-22	2.1812	3.2583	2.6721
Phkt	HeartD-Dibt	NA	9.0874380722427e-34	7.63344798068387e-32	2.5817	3.8562	3.1622
Phkt	Hyte-Phkt	NA	1.13516674222369e-17	6.01638373378556e-16	1.9021	2.8583	2.3368
Phkt	Alps-Babi	NA	2.34403950605071e-39	2.9769301726844e-37	3.6692	6.1102	4.7372
Phkt	Alps-Deme	NA	6.30566790117895e-28	6.43178125920253e-26	2.3752	3.5755	2.9205
Phkt	Atls-HeartD	NA	1.0066315232161e-33	1.16769256693068e-31	2.5804	3.8547	3.1608
Phkt	Atls-Hemo	NA	3.9910704607886e-21	3.35249918706242e-19	2.0468	3.0634	2.5096
Phkt	Babi-Retb	NA	3.8785188554739e-44	5.2747856434445e-42	3.0619	4.6033	3.7625
Phkt	DCM-Hutt	NA	5.14873975285229e-39	6.48741208859389e-37	2.8291	4.2431	3.4723
Phkt	Deme-Atls	NA	7.12363736119861e-22	6.1263281306308e-20	2.0737	3.0981	2.5403
Phkt	Deme-Phkt	NA	8.47641105828966e-14	5.17061074555669e-12	1.7174	2.583	2.1108
Phkt	Dibt-Babi	NA	3.59531368679083e-55	5.53678307765788e-53	3.4827	5.2173	4.2728
Phkt	HeartD-Mgcn	NA	2.2525971806546e-21	1.91470760355641e-19	2.067	3.1009	2.5372
Phkt	HeartD-Retb	NA	1.31868545755739e-25	1.30549860298182e-23	2.2366	3.3409	2.7398
Phkt	Hutt-LQTs	NA	9.69609700694531e-28	9.79305797701476e-26	2.3441	3.5133	2.8761
Phkt	Hyte-Hutt	NA	5.46495495069349e-20	4.42661351006173e-18	1.9894	2.9721	2.4372
Phkt	Hyte-Nefb	NA	1.92386089438758e-14	1.21203236346418e-12	1.7336	2.5909	2.1241
Phkt	LQTs-Babi	NA	3.68438475788282e-44	5.04760711829946e-42	3.3806	5.2725	4.2289
Phkt	Mgcn-Alps	NA	9.56374112790467e-13	5.35569503162662e-11	1.9346	3.2889	2.5227
Phkt	Mgcn-Hemo	NA	1.04178774501357e-15	6.87579911708956e-14	1.9074	2.9723	2.3855
Phkt	Nefb-LQTs	NA	1.51413676175149e-29	1.58984359983906e-27	2.4481	3.6865	3.0108
Phkt	Phkt-Dibt	NA	2.9181037804223e-19	2.33448302433784e-17	1.9696	2.9539	2.4173
Phkt	Phkt-Retb	NA	2.54108166775685e-18	1.95663288417277e-16	1.9436	2.9307	2.3918
DCM	Retb-DCM	NA	1.59255451308156e-195	2.70734267223865e-193	3.0174	3.5602	3.2783
DCM	Nefb-Phkt	NA	2.92762583790606e-57	3.30821719683385e-55	1.961	2.3812	2.161
DCM	Hemo-LQTs	NA	1.43728927103549e-152	2.25654415552572e-150	3.315	4.0682	3.6722
DCM	Hutt-Deme	NA	5.3396721569276e-110	7.42214429812936e-108	2.1558	2.5158	2.3296
DCM	Phkt-Alps	NA	6.3197225059056e-29	4.67659465437014e-27	2.4266	3.6319	2.9601
DCM	DCM-Mgcn	NA	4.44932221972829e-62	5.2057069970821e-60	2.8335	3.8049	3.2801
DCM	Alps-Atls	NA	4.27327266355378e-153	6.75177080841497e-151	2.7655	3.2855	3.015
DCM	LQTs-Retb	NA	1.43984373559554e-194	2.43333591315646e-192	2.9926	3.528	3.2499
DCM	Mgcn-Babi	NA	4.76326560608195e-46	4.62036763789949e-44	2.51	3.4204	2.9265
DCM	Atls-Hyte	NA	7.32427755479471e-146	1.14258729854797e-143	2.4312	2.8369	2.6271
DCM	Babi-Dibt	NA	2.18457752921039e-311	4.15069730549974e-309	3.8392	4.5113	4.1632
DCM	Deme-HeartD	NA	1.20070348842695e-196	2.05320296521008e-194	2.805	3.2727	3.031
DCM	Dibt-Hutt	NA	2.10538406925648e-143	3.26334530734754e-141	2.4098	2.8111	2.6037
DCM	HeartD-Dibt	NA	7.06040354328091e-204	1.2214498129876e-201	2.852	3.3268	3.0812
DCM	Hyte-Phkt	NA	9.19194008148553e-87	1.21333609075609e-84	2.0924	2.4764	2.2769
DCM	Alps-Babi	NA	2.92336914335467e-79	5.17436338373777e-77	3.8925	5.5001	4.618
DCM	Alps-Deme	NA	3.92314115778797e-136	8.5132163123999e-134	2.61	3.1012	2.8456
DCM	Atls-HeartD	NA	5.53864381640114e-203	1.35696773501828e-200	2.8504	3.3258	3.0798
DCM	Atls-Hemo	NA	1.11562238554434e-116	2.27586966651045e-114	2.2581	2.6464	2.4453
DCM	Babi-Retb	NA	4.85145164269631e-226	1.22741726560217e-223	3.3675	3.9896	3.6666
DCM	DCM-Hutt	NA	5.61379348500147e-211	1.39222078428036e-208	3.116	3.6714	3.3833
DCM	Deme-Atls	NA	3.06944979668323e-127	6.44584457303478e-125	2.2906	2.6728	2.4752
DCM	Deme-Phkt	NA	7.46993667721083e-65	1.24747942509421e-62	1.8882	2.2392	2.0567
DCM	Dibt-Babi	NA	2.18457752921039e-311	5.85466777828384e-309	3.8392	4.5113	4.1632
DCM	HeartD-Mgcn	NA	4.15215404950535e-111	8.26278655851565e-109	2.2765	2.6832	2.4722
DCM	HeartD-Retb	NA	3.64009621259348e-151	8.11741455408346e-149	2.4706	2.8827	2.6695
DCM	Hutt-LQTs	NA	1.08714992042932e-150	2.41347282335309e-148	2.5837	3.0378	2.8024
DCM	Hyte-Hutt	NA	1.59925723602315e-115	3.24649218912699e-113	2.1974	2.5643	2.3745
DCM	Hyte-Nefb	NA	6.92702464581851e-80	1.23301038695569e-77	1.9144	2.2359	2.0696
DCM	LQTs-Babi	NA	4.624943187539e-131	9.85112898945807e-129	3.6515	4.6546	4.1211
DCM	Mgcn-Alps	NA	9.75787347062627e-23	8.68450738885738e-21	2.0432	2.9727	2.459
DCM	Mgcn-Hemo	NA	3.54928597580056e-45	4.96900036612078e-43	2.061	2.6232	2.3245
DCM	Nefb-LQTs	NA	1.78535867107505e-143	3.90993548965436e-141	2.6897	3.1979	2.9336
DCM	Phkt-Dibt	NA	5.20700139910663e-100	1.00495127002758e-97	2.1696	2.5556	2.3554
DCM	Phkt-Retb	NA	9.20672177279078e-84	1.66641664087513e-81	2.1333	2.5449	2.3305
Alps	Retb-DCM	NA	2.04267795386487e-08	7.35364063391353e-07	1.4566	2.2328	1.81
Alps	Nefb-Phkt	NA	0.118088021574499	0.826616151021493	0.9543	1.4812	1.1931
Alps	Hemo-LQTs	NA	1.04758421529325e-10	4.39985370423165e-09	1.6177	2.5236	2.0274
Alps	Hutt-Deme	NA	0.0190490272241131	0.24763735391347	1.0371	1.583	1.2861
Alps	Phkt-Alps	NA	0.000533408979087787	0.0101231453106609	1.2295	2.1692	1.6342
Alps	DCM-Mgcn	NA	1.28925233841545e-06	3.73883178140481e-05	1.4109	2.313	1.8107
Alps	Alps-Atls	NA	1.94677226608739e-06	5.45096234504469e-05	1.3376	2.0562	1.6645
Alps	LQTs-Retb	NA	3.2478642961706e-08	1.13675250365971e-06	1.4441	2.213	1.7943
Alps	Mgcn-Babi	NA	0.000136949063472669	0.00304248489013951	1.2533	2.0735	1.6156
Alps	Atls-Hyte	NA	0.000464275661351517	0.00928551322703034	1.1695	1.785	1.4503
Alps	Babi-Dibt	NA	9.85734019803088e-16	4.92867009901544e-14	1.851	2.8326	2.2983
Alps	Deme-HeartD	NA	9.89149250008005e-07	2.96744775002402e-05	1.3494	2.0594	1.6733
Alps	Dibt-Hutt	NA	0.00063892457718669	0.0108617178121737	1.1591	1.7689	1.4373
Alps	HeartD-Dibt	NA	4.26909119931322e-07	1.3234182717871e-05	1.3719	2.0935	1.7011
Alps	Hyte-Phkt	NA	0.035939633016008	0.404799104102854	1.011	1.5516	1.2571
Alps	Alps-Babi	NA	2.68991894445578e-13	1.61395136667347e-11	1.9553	3.3129	2.5491
Alps	Alps-Deme	NA	2.63797577955795e-05	0.0010288105540276	1.2625	1.9409	1.571
Alps	Atls-HeartD	NA	4.39136429204222e-07	1.976113931419e-05	1.3712	2.0927	1.7003
Alps	Atls-Hemo	NA	0.00513434639588877	0.133493006293108	1.0878	1.663	1.35
Alps	Babi-Retb	NA	2.27317775973647e-11	1.22751599025769e-09	1.6275	2.4988	2.0241
Alps	DCM-Hutt	NA	3.11120276122598e-09	1.61782543583751e-07	1.5035	2.3034	1.8677
Alps	Deme-Atls	NA	0.0034304424430409	0.0994828308481861	1.1019	1.6819	1.3665
Alps	Deme-Phkt	NA	0.255455575780293	1	0.9128	1.4022	1.1355
Alps	Dibt-Babi	NA	9.85734019803088e-16	6.60441793268069e-14	1.851	2.8326	2.2983
Alps	HeartD-Mgcn	NA	0.00388164477359489	0.104804408887062	1.0986	1.6832	1.3649
Alps	HeartD-Retb	NA	0.000256205336542455	0.00802455009471382	1.1885	1.8138	1.4738
Alps	Hutt-LQTs	NA	4.17701667144089e-05	0.00154549616843313	1.2458	1.9071	1.5471
Alps	Hyte-Hutt	NA	0.0114716463932881	0.286791159832202	1.0572	1.6135	1.3109
Alps	Hyte-Nefb	NA	0.22472635569487	1	0.9212	1.4064	1.1425
Alps	LQTs-Babi	NA	4.17391024523173e-13	2.46260704468672e-11	1.7986	2.8606	2.2751
Alps	Mgcn-Alps	NA	0.0277167811097543	0.58205240330484	1.0312	1.7828	1.3575
Alps	Mgcn-Hemo	NA	0.0342771781200435	0.68554356240087	1.0149	1.6129	1.2833
Alps	Nefb-LQTs	NA	7.0744847446202e-06	0.000290053874529428	1.3013	2.0012	1.6196
Alps	Phkt-Dibt	NA	0.0151500494053236	0.363601185727766	1.0468	1.6035	1.3004
Alps	Phkt-Retb	NA	0.0214863056432634	0.472698724151795	1.0331	1.5908	1.2866
LQTs	Retb-DCM	NA	1.17258564060661e-161	1.91131459418877e-159	2.6471	3.1058	2.868
LQTs	Nefb-Phkt	NA	3.35689485357041e-41	3.15548116235619e-39	1.7195	2.0781	1.8905
LQTs	Hemo-LQTs	NA	1.28188708566128e-126	1.91001175763531e-124	2.9066	3.5506	3.2124
LQTs	Hutt-Deme	NA	2.60312243661867e-83	3.41009039197046e-81	1.8914	2.1943	2.038
LQTs	Phkt-Alps	NA	1.50624177144154e-22	9.79057151437001e-21	2.1256	3.1737	2.5897
LQTs	DCM-Mgcn	NA	1.06407092830208e-49	1.08535234686812e-47	2.4828	3.3236	2.8694
LQTs	Alps-Atls	NA	5.37911600453206e-124	7.90730052666213e-122	2.4258	2.8661	2.6374
LQTs	LQTs-Retb	NA	1.12232398329542e-160	1.80694161310563e-158	2.6251	3.0775	2.8432
LQTs	Mgcn-Babi	NA	5.83754981773388e-36	4.9619173450738e-34	2.1993	2.9877	2.5599
LQTs	Atls-Hyte	NA	3.41738528030232e-115	4.85268709802929e-113	2.1331	2.4741	2.2982
LQTs	Babi-Dibt	NA	1.3565816554002e-267	2.48254442938237e-265	3.3681	3.9352	3.6415
LQTs	Deme-HeartD	NA	4.00979505654886e-161	6.49586799160915e-159	2.4614	2.8544	2.6515
LQTs	Dibt-Hutt	NA	5.84641523534389e-113	8.24344548183488e-111	2.1143	2.4516	2.2775
LQTs	HeartD-Dibt	NA	1.12776700297125e-167	1.84953788487285e-165	2.5024	2.9012	2.6954
LQTs	Hyte-Phkt	NA	1.43423024871397e-64	1.70673399596962e-62	1.8354	2.1604	1.9919
LQTs	Alps-Babi	NA	2.87146313399666e-66	4.85277269645436e-64	3.4098	4.806	4.0403
LQTs	Alps-Deme	NA	9.43456176768143e-109	1.85860866823324e-106	2.2893	2.7056	2.4892
LQTs	Atls-HeartD	NA	6.78915876477046e-167	1.55471735713244e-164	2.501	2.9003	2.6942
LQTs	Atls-Hemo	NA	9.30040509685449e-90	1.73917575311179e-87	1.9811	2.3084	2.1391
LQTs	Babi-Retb	NA	4.67327258864316e-190	1.10289233091979e-187	2.954	3.4805	3.2069
LQTs	DCM-Hutt	NA	1.42011745872478e-175	3.30887367882874e-173	2.7335	3.2028	2.9597
LQTs	Deme-Atls	NA	1.42984777393358e-98	2.74530772595247e-96	2.0096	2.3313	2.1653
LQTs	Deme-Phkt	NA	7.01337847115881e-46	9.95899742904551e-44	1.6562	1.9534	1.7992
LQTs	Dibt-Babi	NA	1.3565816554002e-267	3.55424393714852e-265	3.3681	3.9352	3.6415
LQTs	HeartD-Mgcn	NA	1.62470574626851e-85	2.98945857313406e-83	1.997	2.3407	2.1627
LQTs	HeartD-Retb	NA	5.97738180883058e-120	1.22536327081027e-117	2.1677	2.514	2.3353
LQTs	Hutt-LQTs	NA	1.4070233792677e-120	2.89846816129146e-118	2.2665	2.6498	2.4514
LQTs	Hyte-Hutt	NA	3.66617393242915e-88	6.81908351431822e-86	1.928	2.2364	2.0772
LQTs	Hyte-Nefb	NA	3.50676726484989e-57	5.43548926051733e-55	1.6796	1.9501	1.8105
LQTs	LQTs-Babi	NA	1.42195738536854e-109	2.81547562302971e-107	3.2007	4.0643	3.6052
LQTs	Mgcn-Alps	NA	6.30139307787072e-17	4.47398908528821e-15	1.7898	2.5975	2.1512
LQTs	Mgcn-Hemo	NA	3.31491454881812e-33	3.74585344016448e-31	1.8064	2.2906	2.0335
LQTs	Nefb-LQTs	NA	1.9861854140259e-115	4.01209453633232e-113	2.3591	2.7904	2.5663
LQTs	Phkt-Dibt	NA	1.19558373429814e-75	2.08031569767876e-73	1.9031	2.2292	2.0605
LQTs	Phkt-Retb	NA	1.0478317785033e-62	1.70796579896038e-60	1.8711	2.2203	2.0387
Mgcn	Retb-DCM	NA	1.50195136311064e-55	1.68218552668392e-53	3.2961	4.8214	3.9933
Mgcn	Nefb-Phkt	NA	3.74125635482585e-24	2.54405432128158e-22	2.1579	3.2001	2.6317
Mgcn	Hemo-LQTs	NA	2.82451063062281e-59	3.21994211891e-57	3.6569	5.4535	4.472
Mgcn	Hutt-Deme	NA	4.30722309742967e-31	3.31656178502085e-29	2.3476	3.4177	2.8372
Mgcn	Phkt-Alps	NA	9.51527416527561e-24	6.37523369073466e-22	2.7633	4.7055	3.6027
Mgcn	DCM-Mgcn	NA	5.03461098375507e-38	4.48080377554201e-36	3.1804	5.0073	3.9934
Mgcn	Alps-Atls	NA	1.66151155287014e-47	1.64489643734144e-45	3.0265	4.4406	3.6718
Mgcn	LQTs-Retb	NA	6.72484856760475e-55	7.39733342436522e-53	3.2683	4.7786	3.9578
Mgcn	Mgcn-Babi	NA	2.21836106788368e-30	1.6859544115916e-28	2.8242	4.4897	3.5627
Mgcn	Atls-Hyte	NA	4.19719967270265e-39	3.81945170215941e-37	2.6475	3.8537	3.1995
Mgcn	Babi-Dibt	NA	5.76252661454626e-81	7.31840880047375e-79	4.1893	6.1159	5.0701
Mgcn	Deme-HeartD	NA	2.80444873619222e-50	2.88858219827799e-48	3.0547	4.4461	3.6915
Mgcn	Dibt-Hutt	NA	1.74733725130862e-38	1.57260352617776e-36	2.6239	3.8191	3.1709
Mgcn	HeartD-Dibt	NA	1.01147216051596e-51	1.07812180238078e-49	3.1054	4.5195	3.7526
Mgcn	Hyte-Phkt	NA	1.07268206720054e-28	7.83057909056394e-27	2.2877	3.3506	2.773
Mgcn	Alps-Babi	NA	3.60923224139294e-53	5.48603300691727e-51	4.401	7.1794	5.6208
Mgcn	Alps-Deme	NA	5.15853127067247e-43	6.86084658999439e-41	2.8562	4.1917	3.4653
Mgcn	Atls-HeartD	NA	1.18866398045362e-51	1.78299597068043e-49	3.104	4.5178	3.751
Mgcn	Atls-Hemo	NA	8.09176062475626e-34	9.46735993096482e-32	2.4622	3.5906	2.9781
Mgcn	Babi-Retb	NA	1.79826897484372e-65	3.02109187773745e-63	3.6826	5.3958	4.4652
Mgcn	DCM-Hutt	NA	1.21090819971353e-58	1.91323495554738e-56	3.4025	4.9742	4.1208
Mgcn	Deme-Atls	NA	5.57502793890971e-35	6.63428324730256e-33	2.4945	3.6307	3.0145
Mgcn	Deme-Phkt	NA	4.24523267771947e-23	3.82070940994752e-21	2.0654	3.0278	2.5049
Mgcn	Dibt-Babi	NA	5.76252661454626e-81	1.03149226400378e-78	4.1893	6.1159	5.0701
Mgcn	HeartD-Mgcn	NA	4.86208522701353e-34	5.73726056787597e-32	2.4861	3.6346	3.0109
Mgcn	HeartD-Retb	NA	2.87204247275831e-40	3.7336552145858e-38	2.6904	3.916	3.2513
Mgcn	Hutt-LQTs	NA	4.7192987014791e-43	6.32386025998199e-41	2.8193	4.118	3.4127
Mgcn	Hyte-Hutt	NA	2.68148099692599e-32	3.00325871655711e-30	2.393	3.4834	2.892
Mgcn	Hyte-Nefb	NA	2.73605760326619e-24	2.57189414707022e-22	2.0854	3.0367	2.5207
Mgcn	LQTs-Babi	NA	1.48033617869471e-62	2.39814460948543e-60	4.061	6.1862	5.0179
Mgcn	Mgcn-Alps	NA	8.95372517160525e-19	6.9839056338521e-17	2.3193	3.8656	2.9932
Mgcn	Mgcn-Hemo	NA	1.407049532627e-24	1.33669705599565e-22	2.2915	3.4881	2.8304
Mgcn	Nefb-LQTs	NA	3.05261701338924e-45	4.30418998887883e-43	2.9439	4.3219	3.5728
Mgcn	Phkt-Dibt	NA	4.65279214423389e-31	5.0250155157726e-29	2.3689	3.4625	2.8686
Mgcn	Phkt-Retb	NA	1.84108786286387e-29	1.91473137737842e-27	2.3374	3.436	2.8382
Atls	Retb-DCM	NA	1.33518546906043e-124	1.97607449420944e-122	1.4279	1.5235	1.4748
Atls	Nefb-Phkt	NA	0.360106345634661	1	0.9159	1.0325	0.9722
Atls	Hemo-LQTs	NA	5.45522039419661e-49	5.50977259813858e-47	1.544	1.7692	1.652
Atls	Hutt-Deme	NA	4.24333303155064e-11	1.82463320356678e-09	1.0334	1.0626	1.0479
Atls	Phkt-Alps	NA	0.00220070607371027	0.0352112971793643	1.1097	1.6095	1.3319
Atls	DCM-Mgcn	NA	6.32128343761252e-10	2.52851337504501e-08	1.3036	1.6758	1.4757
Atls	Alps-Atls	NA	9.10581504789503e-51	9.47004764981083e-49	1.303	1.4121	1.3563
Atls	LQTs-Retb	NA	2.89828231361744e-127	4.34742347042616e-125	1.4171	1.5087	1.462
Atls	Mgcn-Babi	NA	4.60270246003071e-05	0.00115067561500768	1.1535	1.5081	1.3167
Atls	Atls-Hyte	NA	5.24438398281992e-134	7.97146365388628e-132	1.1661	1.1975	1.1817
Atls	Babi-Dibt	NA	0	0	1.8233	1.9237	1.8727
Atls	Deme-HeartD	NA	0	0	1.346	1.3811	1.3634
Atls	Dibt-Hutt	NA	4.44935902023004e-131	6.71853212054736e-129	1.1563	1.1861	1.1711
Atls	HeartD-Dibt	NA	0	0	1.3694	1.4029	1.386
Atls	Hyte-Phkt	NA	0.193895571005723	1	0.988	1.062	1.0243
Atls	Alps-Babi	NA	5.54838379155626e-22	4.88257773656951e-20	1.7848	2.4313	2.0778
Atls	Alps-Deme	NA	1.95810049485009e-33	2.2518155690776e-31	1.2295	1.3332	1.2801
Atls	Atls-HeartD	NA	0	0	1.3678	1.4033	1.3854
Atls	Atls-Hemo	NA	1.88281726148254e-16	1.31797208303778e-14	1.0753	1.1253	1.1
Atls	Babi-Retb	NA	2.05897126620669e-157	4.61209563630299e-155	1.5892	1.712	1.6492
Atls	DCM-Hutt	NA	4.2784260805603e-163	9.71202720287188e-161	1.4762	1.5693	1.5219
Atls	Deme-Atls	NA	4.51232692030992e-53	6.81361364966798e-51	1.0982	1.1288	1.1134
Atls	Deme-Phkt	NA	6.54587474045173e-05	0.00229105615915811	0.8905	0.9614	0.9252
Atls	Dibt-Babi	NA	0	0	1.8233	1.9237	1.8727
Atls	HeartD-Mgcn	NA	1.94804747087053e-11	1.07142610897879e-09	1.0781	1.1473	1.1121
Atls	HeartD-Retb	NA	6.29600594794276e-164	1.43548935613095e-161	1.1851	1.2168	1.2008
Atls	Hutt-LQTs	NA	1.8974870285948e-60	3.01700437546573e-58	1.2261	1.2962	1.2606
Atls	Hyte-Hutt	NA	6.13150698767557e-22	5.33441107927775e-20	1.0539	1.0826	1.0681
Atls	Hyte-Nefb	NA	4.55309170554419e-19	3.59694244737991e-17	0.9164	0.9457	0.931
Atls	LQTs-Babi	NA	6.65694295097253e-40	8.58745640675456e-38	1.6894	2.0385	1.8541
Atls	Mgcn-Alps	NA	0.25176365329757	1	0.9354	1.3157	1.1064
Atls	Mgcn-Hemo	NA	0.352156953633696	1	0.9536	1.1486	1.0457
Atls	Nefb-LQTs	NA	2.03736574072664e-40	2.6689491203519e-38	1.2666	1.3754	1.3197
Atls	Phkt-Dibt	NA	0.000172102605867614	0.00567938599363126	1.0281	1.0922	1.0595
Atls	Phkt-Retb	NA	0.0366023109768355	0.695443908559874	1.0031	1.096	1.0484
Babi	Retb-DCM	NA	2.36747633340271e-288	4.40350598012904e-286	4.4214	5.3385	4.8598
Babi	Nefb-Phkt	NA	6.53636338088048e-110	9.02018146561506e-108	2.8775	3.5649	3.2031
Babi	Hemo-LQTs	NA	6.16624235010272e-229	1.09142489596818e-226	4.8661	6.0877	5.4429
Babi	Hutt-Deme	NA	2.98726271928901e-187	5.01860136840554e-185	3.1567	3.7751	3.4532
Babi	Phkt-Alps	NA	1.00759046951475e-51	1.07812180238078e-49	3.5772	5.4106	4.3872
Babi	DCM-Mgcn	NA	7.69924825220136e-103	1.04709776229938e-100	4.1702	5.6779	4.8613
Babi	Alps-Atls	NA	7.12782726360195e-236	1.28300890744835e-233	4.0536	4.9247	4.4691
Babi	LQTs-Retb	NA	2.28234765317647e-287	4.22234315837647e-285	4.3853	5.2912	4.8177
Babi	Mgcn-Babi	NA	2.1943683913372e-80	2.76490417308487e-78	3.6956	5.102	4.3373
Babi	Atls-Hyte	NA	3.55342999351344e-231	6.32510538845392e-229	3.5597	4.2568	3.8942
Babi	Babi-Dibt	NA	0	0	5.6247	6.7662	6.1706
Babi	Deme-HeartD	NA	9.76930593333144e-292	1.82686020953298e-289	4.1083	4.9115	4.4931
Babi	Dibt-Hutt	NA	2.9769114423091e-228	5.23936413846402e-226	3.5287	4.2187	3.8595
Babi	HeartD-Dibt	NA	2.68555981195417e-300	5.07570804459338e-298	4.1764	4.9924	4.5676
Babi	Hyte-Phkt	NA	2.6223572874674e-154	4.19577165994784e-152	3.0667	3.7132	3.3751
Babi	Alps-Babi	NA	2.50099326970299e-121	5.17705606828519e-119	5.7344	8.2016	6.8439
Babi	Alps-Deme	NA	4.42626581991679e-215	1.1065664549792e-212	3.8259	4.6484	4.2182
Babi	Atls-HeartD	NA	3.33259807073242e-299	8.86471086814824e-297	4.1741	4.9908	4.5656
Babi	Atls-Hemo	NA	2.0216448767544e-194	4.83173125544302e-192	3.3075	3.9704	3.6248
Babi	Babi-Retb	NA	4.94065645841247e-324	1.33397724377137e-321	4.9356	5.9807	5.4349
Babi	DCM-Hutt	NA	5.63066320337991e-307	1.50338707530244e-304	4.5654	5.5058	5.015
Babi	Deme-Atls	NA	1.64790607640572e-208	4.05384894795807e-206	3.3539	4.0113	3.6692
Babi	Deme-Phkt	NA	2.66983689734957e-125	5.5799591154606e-123	2.7675	3.3569	3.0485
Babi	Dibt-Babi	NA	0	0	5.6247	6.7662	6.1706
Babi	HeartD-Mgcn	NA	4.67405339089509e-186	1.09372849346945e-183	3.3358	4.0241	3.6647
Babi	HeartD-Retb	NA	1.39771270968413e-237	3.60609879098506e-235	3.6177	4.3255	3.9566
Babi	Hutt-LQTs	NA	3.2171638243482e-235	8.26811102857487e-233	3.7854	4.5565	4.1542
Babi	Hyte-Hutt	NA	3.86687399533883e-194	9.20316010890642e-192	3.2181	3.8478	3.5199
Babi	Hyte-Nefb	NA	5.36307198759792e-149	1.18523890925914e-146	2.8037	3.3551	3.0678
Babi	LQTs-Babi	NA	1.73561703317292e-196	4.16548087961501e-194	5.3673	6.9554	6.1081
Babi	Mgcn-Alps	NA	3.41417137802088e-44	4.71155650166881e-42	3.0111	4.4297	3.6444
Babi	Mgcn-Hemo	NA	5.26922355579605e-86	9.74806357822269e-84	3.0292	3.9201	3.4451
Babi	Nefb-LQTs	NA	6.28433799650802e-224	1.58365317512002e-221	3.9426	4.7938	4.3485
Babi	Phkt-Dibt	NA	2.47560174311731e-172	5.71864002660099e-170	3.1788	3.8328	3.4914
Babi	Phkt-Retb	NA	1.46603757188012e-148	3.22528265813626e-146	3.1281	3.8136	3.4544
Deme	Retb-DCM	NA	1.02291766311624e-102	1.38093884520692e-100	1.3812	1.4743	1.4268
Deme	Nefb-Phkt	NA	0.0454318818134805	0.454318818134805	0.8859	0.9991	0.9405
Deme	Hemo-LQTs	NA	1.06804601717406e-42	1.01464371631536e-40	1.4935	1.7119	1.5983
Deme	Hutt-Deme	NA	0.0642186255685593	0.577967630117034	0.9992	1.0287	1.0138
Deme	Phkt-Alps	NA	0.00692932439348243	0.103939865902236	1.0735	1.5572	1.2886
Deme	DCM-Mgcn	NA	1.6522217958982e-08	6.11322064482334e-07	1.261	1.6215	1.4277
Deme	Alps-Atls	NA	3.20980284159231e-40	2.95301861426493e-38	1.2604	1.3664	1.3121
Deme	LQTs-Retb	NA	2.35007073607789e-104	3.21959690842671e-102	1.3706	1.46	1.4144
Deme	Mgcn-Babi	NA	0.00034823490103427	0.00731293292171967	1.1159	1.4591	1.2738
Deme	Atls-Hyte	NA	3.51431798439862e-79	4.39289748049828e-77	1.1274	1.1593	1.1432
Deme	Babi-Dibt	NA	0	0	1.7633	1.8618	1.8118
Deme	Deme-HeartD	NA	0	0	1.3012	1.3371	1.3191
Deme	Dibt-Hutt	NA	9.32043881464374e-75	1.14641397420118e-72	1.118	1.1483	1.133
Deme	HeartD-Dibt	NA	0	0	1.3239	1.3582	1.3409
Deme	Hyte-Phkt	NA	0.628341536153928	1	0.9557	1.0277	0.9909
Deme	Alps-Babi	NA	4.37637781837275e-20	3.58862981106565e-18	1.7267	2.3524	2.0102
Deme	Alps-Deme	NA	3.33575054260398e-25	3.20232052089982e-23	1.1892	1.29	1.2385
Deme	Atls-HeartD	NA	0	0	1.3224	1.3586	1.3404
Deme	Atls-Hemo	NA	1.28477829556354e-07	6.16693581870499e-06	1.0399	1.0891	1.0642
Deme	Babi-Retb	NA	1.71056342080775e-135	3.66060572052859e-133	1.5372	1.6567	1.5956
Deme	DCM-Hutt	NA	6.48227595286634e-136	1.40017160581913e-133	1.4278	1.5186	1.4723
Deme	Deme-Atls	NA	3.29415304652757e-24	3.06356233327064e-22	1.0618	1.0928	1.0772
Deme	Deme-Phkt	NA	1.49562101990215e-08	7.47810509951075e-07	0.8614	0.9303	0.8951
Deme	Dibt-Babi	NA	0	0	1.7633	1.8618	1.8118
Deme	HeartD-Mgcn	NA	4.73922701423479e-06	0.000202835785059941	1.0427	1.1103	1.0759
Deme	HeartD-Retb	NA	1.15402502189009e-100	2.23880854246677e-98	1.1458	1.178	1.1617
Deme	Hutt-LQTs	NA	7.00240703641121e-44	9.45324949915513e-42	1.1858	1.2544	1.2196
Deme	Hyte-Hutt	NA	4.71711128046374e-06	0.000202835785059941	1.0189	1.048	1.0334
Deme	Hyte-Nefb	NA	1.73671425855244e-36	2.1361585380195e-34	0.8861	0.9155	0.9007
Deme	LQTs-Babi	NA	9.85832772767855e-36	1.20271598277678e-33	1.6343	1.9725	1.7938
Deme	Mgcn-Alps	NA	0.449313796832455	1	0.9049	1.273	1.0704
Deme	Mgcn-Hemo	NA	0.822418542462526	1	0.9224	1.1113	1.0117
Deme	Nefb-LQTs	NA	2.22839660637284e-31	2.45123626701012e-29	1.2252	1.3309	1.2767
Deme	Phkt-Dibt	NA	0.112259932449019	1	0.9943	1.0569	1.0251
Deme	Phkt-Retb	NA	0.538075085796842	1	0.9702	1.0606	1.0143
Dibt	Retb-DCM	NA	7.15219503864052e-60	8.2250242944366e-58	1.2546	1.3352	1.2942
Dibt	Nefb-Phkt	NA	1.26105360414739e-07	4.28758225410113e-06	0.8042	0.9054	0.8531
Dibt	Hemo-LQTs	NA	9.12460699875794e-28	6.56971703910572e-26	1.3556	1.5516	1.4497
Dibt	Hutt-Deme	NA	5.42839889912827e-52	5.86267081105853e-50	0.9097	0.9296	0.9196
Dibt	Phkt-Alps	NA	0.100462071734552	0.803696573876416	0.974	1.4121	1.1687
Dibt	DCM-Mgcn	NA	4.27957295933122e-05	0.00111268896942612	1.1443	1.4701	1.295
Dibt	Alps-Atls	NA	2.19055715947944e-18	1.22671200930849e-16	1.1445	1.2379	1.1901
Dibt	LQTs-Retb	NA	4.269179369891e-60	4.95224806907356e-58	1.2451	1.3222	1.2829
Dibt	Mgcn-Babi	NA	0.0337332586752378	0.404799104102854	1.0125	1.3229	1.1553
Dibt	Atls-Hyte	NA	1.37996838463436e-12	6.34785456931806e-11	1.0266	1.0474	1.037
Dibt	Babi-Dibt	NA	0	0	1.6023	1.6856	1.6433
Dibt	Deme-HeartD	NA	6.34502501143107e-299	1.19286470214904e-296	1.1851	1.2079	1.1964
Dibt	Dibt-Hutt	NA	7.53392216464737e-09	2.862890422566e-07	1.0182	1.0373	1.0277
Dibt	HeartD-Dibt	NA	0	0	1.2061	1.2265	1.2162
Dibt	Hyte-Phkt	NA	2.04535389866336e-09	7.9768802047871e-08	0.868	0.9309	0.8988
Dibt	Alps-Babi	NA	3.65770033035312e-15	2.37750521472953e-13	1.5665	2.1329	1.8233
Dibt	Alps-Deme	NA	6.79610058451261e-09	3.46601129810143e-07	1.08	1.1687	1.1233
Dibt	Atls-HeartD	NA	0	0	1.2043	1.2272	1.2157
Dibt	Atls-Hemo	NA	0.000949982016356267	0.028499460490688	0.9452	0.9858	0.9652
Dibt	Babi-Retb	NA	4.09710440323953e-91	7.70255627809032e-89	1.396	1.5007	1.4472
Dibt	DCM-Hutt	NA	9.07600913584758e-85	1.66090967186011e-82	1.2971	1.3752	1.3355
Dibt	Deme-Atls	NA	1.7681455843175e-05	0.000707258233727	0.9667	0.9875	0.977
Dibt	Deme-Phkt	NA	2.82417747512855e-28	2.90890279938241e-26	0.7822	0.8427	0.8119
Dibt	Dibt-Babi	NA	0	0	1.6023	1.6856	1.6433
Dibt	HeartD-Mgcn	NA	0.109496261030528	1	0.9472	1.0056	0.9759
Dibt	HeartD-Retb	NA	2.26545219478994e-25	2.22014315089414e-23	1.0434	1.0642	1.0537
Dibt	Hutt-LQTs	NA	5.71052815498486e-14	3.54052745609061e-12	1.0774	1.1358	1.1062
Dibt	Hyte-Hutt	NA	1.47350860677585e-35	1.78294541419878e-33	0.9278	0.9469	0.9373
Dibt	Hyte-Nefb	NA	1.18168927821062e-202	2.88332183883391e-200	0.8063	0.8277	0.8169
Dibt	LQTs-Babi	NA	2.36941882882254e-25	2.29833626395786e-23	1.483	1.7881	1.627
Dibt	Mgcn-Alps	NA	0.760235087773661	1	0.821	1.1542	0.9708
Dibt	Mgcn-Hemo	NA	0.0691204457275863	1	0.8371	1.0074	0.9176
Dibt	Nefb-LQTs	NA	6.70236928227186e-13	3.82035049089496e-11	1.1125	1.2057	1.158
Dibt	Phkt-Dibt	NA	7.57904515254764e-07	3.33477986712096e-05	0.9033	0.9571	0.9297
Dibt	Phkt-Retb	NA	0.000159772476674393	0.00543226420692936	0.881	0.9609	0.9199
HeartD	Retb-DCM	NA	6.34375991947462e-22	4.06000634846376e-20	1.1296	1.2027	1.1655
HeartD	Nefb-Phkt	NA	1.62910910559365e-18	9.28592190188381e-17	0.7242	0.8155	0.7683
HeartD	Hemo-LQTs	NA	5.88680722183354e-15	2.88453553869843e-13	1.2207	1.3974	1.3055
HeartD	Hutt-Deme	NA	2.63462868904813e-236	4.76867792717712e-234	0.8188	0.8375	0.8281
HeartD	Phkt-Alps	NA	0.611685476339403	1	0.8771	1.2717	1.0525
HeartD	DCM-Mgcn	NA	0.0156879792799463	0.219631709919248	1.0305	1.324	1.1662
HeartD	Alps-Atls	NA	0.000532797121613734	0.0101231453106609	1.0306	1.1149	1.0718
HeartD	LQTs-Retb	NA	5.00462637912405e-21	3.15291461884815e-19	1.1211	1.1909	1.1554
HeartD	Mgcn-Babi	NA	0.576462725750526	1	0.9118	1.1915	1.0405
HeartD	Atls-Hyte	NA	2.34123986796001e-37	2.06029108380481e-35	0.9241	0.9437	0.9339
HeartD	Babi-Dibt	NA	1.90153096913701e-202	3.27063326691566e-200	1.4427	1.5183	1.4799
HeartD	Deme-HeartD	NA	2.77245060859834e-48	2.77245060859834e-46	1.0667	1.0883	1.0774
HeartD	Dibt-Hutt	NA	2.01826507912342e-54	2.19990893624453e-52	0.9165	0.9346	0.9255
HeartD	HeartD-Dibt	NA	3.6511762640357e-89	4.89257619380784e-87	1.0856	1.1051	1.0953
HeartD	Hyte-Phkt	NA	2.03891639901344e-32	1.67191144719102e-30	0.7816	0.8385	0.8094
HeartD	Alps-Babi	NA	1.07658980345143e-10	5.70592595829258e-09	1.4107	1.921	1.642
HeartD	Alps-Deme	NA	0.572739735296978	1	0.9725	1.0526	1.0116
HeartD	Atls-HeartD	NA	4.34727620193754e-72	7.43384230531319e-70	1.0841	1.1057	1.0948
HeartD	Atls-Hemo	NA	1.78935274910127e-38	2.23669093637659e-36	0.851	0.888	0.8693
HeartD	Babi-Retb	NA	4.29260943132233e-47	6.18135758110416e-45	1.257	1.3517	1.3033
HeartD	DCM-Hutt	NA	4.86148861570878e-35	5.83378633885054e-33	1.1679	1.2387	1.2027
HeartD	Deme-Atls	NA	4.89563195515978e-114	9.84022022987116e-112	0.8702	0.8897	0.8799
HeartD	Deme-Phkt	NA	1.6014984359671e-61	2.57841248190703e-59	0.7043	0.7591	0.7311
HeartD	Dibt-Babi	NA	1.90153096913701e-202	4.62072025500293e-200	1.4427	1.5183	1.4799
HeartD	HeartD-Mgcn	NA	2.7750913355666e-17	2.02581667496362e-15	0.8529	0.9057	0.8789
HeartD	HeartD-Retb	NA	2.86098534849497e-23	2.60349666713042e-21	0.9392	0.9588	0.9489
HeartD	Hutt-LQTs	NA	0.783205461819325	1	0.9701	1.0231	0.9962
HeartD	Hyte-Hutt	NA	1.87685559125482e-213	4.6733704222245e-211	0.8351	0.8532	0.8441
HeartD	Hyte-Nefb	NA	0	0	0.7259	0.7457	0.7357
HeartD	LQTs-Babi	NA	4.4598199878411e-16	3.07727579161036e-14	1.3355	1.6105	1.4652
HeartD	Mgcn-Alps	NA	0.124631827792509	1	0.7394	1.0395	0.8743
HeartD	Mgcn-Hemo	NA	4.84712455298875e-05	0.00174496483907595	0.7538	0.9073	0.8264
HeartD	Nefb-LQTs	NA	0.0412697925522043	0.742856265939677	1.0018	1.0859	1.0429
HeartD	Phkt-Dibt	NA	3.15950148883782e-33	3.60183169727511e-31	0.8133	0.8621	0.8373
HeartD	Phkt-Retb	NA	1.65949071900914e-17	1.22802313206676e-15	0.7933	0.8655	0.8285
Hyte	Retb-DCM	NA	9.56101782306154e-179	1.57756794080515e-176	1.5312	1.6319	1.5806
Hyte	Nefb-Phkt	NA	0.178611170539466	1	0.9819	1.1063	1.0419
Hyte	Hemo-LQTs	NA	9.09862591702548e-64	1.07363785820901e-61	1.6552	1.8957	1.7706
Hyte	Hutt-Deme	NA	1.79688452882793e-72	2.1742302798818e-70	1.109	1.1375	1.1231
Hyte	Phkt-Alps	NA	0.000132281951745196	0.00304248489013951	1.1895	1.7248	1.4275
Hyte	DCM-Mgcn	NA	2.58393346540726e-13	1.21444872874141e-11	1.3973	1.7958	1.5816
Hyte	Alps-Atls	NA	1.93418898768347e-77	2.3983943447275e-75	1.3972	1.5127	1.4536
Hyte	LQTs-Retb	NA	3.07298901724963e-184	5.13189165880688e-182	1.5196	1.616	1.5669
Hyte	Mgcn-Babi	NA	2.99248745704915e-07	9.57595986255728e-06	1.2365	1.6161	1.4111
Hyte	Atls-Hyte	NA	0	0	1.2515	1.2818	1.2665
Hyte	Babi-Dibt	NA	0	0	1.9553	2.0603	2.0071
Hyte	Deme-HeartD	NA	0	0	1.4445	1.4782	1.4613
Hyte	Dibt-Hutt	NA	0	0	1.2411	1.2695	1.2552
Hyte	HeartD-Dibt	NA	0	0	1.4699	1.5013	1.4855
Hyte	Hyte-Phkt	NA	2.61941221767002e-07	8.64406031831107e-06	1.0595	1.1376	1.0978
Hyte	Alps-Babi	NA	2.71638302069986e-26	2.71638302069986e-24	1.9131	2.6057	2.2269
Hyte	Alps-Deme	NA	5.30523747560918e-55	8.11701333768205e-53	1.3183	1.4281	1.372
Hyte	Atls-HeartD	NA	0	0	1.4679	1.502	1.4848
Hyte	Atls-Hemo	NA	5.26598167974742e-49	7.68833325243123e-47	1.1533	1.2052	1.1789
Hyte	Babi-Retb	NA	9.26798174234612e-210	2.28919149035949e-207	1.7041	1.8339	1.7676
Hyte	DCM-Hutt	NA	5.42767386601477e-230	1.38948450969978e-227	1.5831	1.6809	1.6311
Hyte	Deme-Atls	NA	1.40001483566103e-170	3.22003412202037e-168	1.1785	1.2083	1.1933
Hyte	Deme-Phkt	NA	0.666300549382564	1	0.9549	1.0299	0.9916
Hyte	Dibt-Babi	NA	0	0	1.9553	2.0603	2.0071
Hyte	HeartD-Mgcn	NA	1.34527161607205e-29	1.42598791303637e-27	1.1561	1.229	1.1919
Hyte	HeartD-Retb	NA	0	0	1.2718	1.3023	1.287
Hyte	Hutt-LQTs	NA	1.45370818655441e-105	2.8347309637811e-103	1.3149	1.3884	1.351
Hyte	Hyte-Hutt	NA	2.22454787697876e-106	4.36011383887837e-104	1.131	1.1588	1.1448
Hyte	Hyte-Nefb	NA	0.767641270386983	1	0.9833	1.0125	0.9978
Hyte	LQTs-Babi	NA	1.66139890816641e-49	2.45887038408629e-47	1.8109	2.1845	1.9871
Hyte	Mgcn-Alps	NA	0.0495579882014353	0.8424857994244	1.0026	1.4099	1.1857
Hyte	Mgcn-Hemo	NA	0.015758256551442	0.363601185727766	1.0222	1.2307	1.1207
Hyte	Nefb-LQTs	NA	1.3396213066421e-63	2.21037515595946e-61	1.3581	1.4734	1.4144
Hyte	Phkt-Dibt	NA	3.50445862854325e-17	2.52321021255114e-15	1.1024	1.1699	1.1356
Hyte	Phkt-Retb	NA	1.78734771627804e-07	8.40053426650679e-06	1.0754	1.1742	1.1236
